100
100
100
100
100
100
100
100
100
100
100
100
100
100
150
150
150
150
150
150
150
150
300
300
300
300
200
100
50
50
50
50
50
50
50
50
50
50
50
50
50
50
50
50
50
50
50
50
50
50
50
50
50
50
50
50
50
50
50
50
50
50
50
50
100
100
200
200
100
100
100
100
100
100
100
100
100
100
300
300
300
300
300
300
300
300
300
100
86.6
100
75
75
75
75
75
75
75
75
75
75
75
75
35
100
100
80
100
100
90
100
100
100
100
100
100
162
100
100
50
50
40
50
50
50
50
50
50
50
50
50
50
50
50
50
50
50
50
50
50
50
50
50
50
50
50
50
50
50
50
184
40
35
