45
45
45
45
45
45
45
45
45
45
45
45
45
45
70
70
70
70
60
60
60
60
70
70
70
70
70
70
30
30
30
30
30
30
30
30
30
30
30
30
30
30
30
30
30
30
30
30
30
30
30
30
30
30
30
30
30
30
30
30
30
30
30
30
70
70
70
70
40
40
40
40
40
40
40
40
40
40
70
70
70
70
70
70
70
70
70
25
25
25
25
25
25
25
25
25
25
25
25
25
25
25
26
28
28
28
28
28
28
28
28
30
30
30
30
30
30
30
15
15
15
15
15
20
20
20
20
20
20
20
20
20
20
20
20
20
20
20
20
20
20
20
20
20
20
20
20
20
20
20
20
20
